3.327109943855423579e-01 1.761108054646697563e-01 1.663889525938515301e-01 1.187350881125670277e-01 5.595285025019213626e-02 1.111337718487901902e-02 5.714285714285714107e-02 1.714202178978566082e-02 6.470305307565521469e-02
8.413759370292450690e-02 3.552293998321394142e-01 1.920149338760314961e-01 1.347992432553248021e-01 4.903390864830491774e-02 1.184467968566110287e-02 5.714285714285714107e-02 4.781307809664631092e-02 6.798430576011046944e-02
1.880507207210851961e-01 5.662540961414519458e-02 1.102089058370406410e-01 5.714285714285714107e-02 4.362710759489412532e-02 7.072661209753620774e-03 3.296243811083923725e-01 5.293558285393427931e-02 1.547123739178972446e-01
1.351438025817470467e-01 1.610785560620128232e-01 4.643831597329341893e-02 2.394583428924221824e-01 1.338529242093876581e-01 5.535619746062608176e-02 5.714285714285714107e-02 1.460814311918850195e-01 2.544757248576861794e-02
1.857627135292549969e-01 3.487234385987026709e-03 8.935401776266975460e-02 9.334021936658912222e-02 2.231189342488392180e-01 4.967489141415956655e-02 4.810178435328576335e-02 1.585591591061505934e-01 1.486010458330637996e-01
2.350947402981831691e-01 6.500509785239641514e-02 1.786657972862149835e-01 6.090089068379970355e-02 5.714575725288575242e-02 1.583562326939212672e-01 7.329453532418031547e-02 1.192834879950307875e-01 5.225346061338754372e-02
6.740562383188999918e-02 2.161614623394474133e-02 4.670854246831120105e-02 3.972569618902838107e-01 2.790900118160578036e-01 5.714285757303992630e-02 6.714674851435947778e-02 3.571410801251568255e-03 6.006169687086104769e-02
1.388212580540768293e-01 3.565966511088714160e-03 1.666377607408204842e-01 8.127975333017034565e-02 1.967849212954372595e-01 5.357688517567033709e-02 4.937245204276162480e-02 2.823054829743138483e-01 2.765551987566076259e-02
1.196986843642894455e-01 2.961522087203189435e-01 6.421188372792810406e-02 6.284641125818116181e-02 1.912985701885747680e-01 7.828273336500049528e-02 5.714285714285714107e-02 1.065445492539550398e-01 2.382210197889455053e-02
3.513212794811999135e-03 3.202247556262619033e-02 5.362964377675304845e-02 4.117608982702500309e-02 6.246068576114154058e-02 1.723513070721561791e-01 7.750991036344470619e-02 3.026950926795787811e-01 2.546415821624621878e-01
8.280339656339159859e-02 5.282924795954679897e-02 1.433198935354593195e-01 1.226929426024743752e-01 1.810433636158374493e-01 5.672215114306723011e-02 6.906231740137853438e-03 3.014204084659192762e-01 5.226236437416574565e-02
3.057171396490593676e-02 2.665646617672998847e-02 5.713423919691754810e-02 3.329228614435952305e-01 1.434720974880633326e-01 5.693261280850760858e-02 2.948132594707023046e-01 5.669764705046831561e-03 5.182698474553117107e-02
2.441990117551428030e-01 6.824401424536584611e-03 1.484232030644944966e-01 4.497912769540795414e-02 1.283802878254854951e-01 9.048101790604251571e-02 1.698030291341283415e-02 2.232601409429366690e-01 9.647250647254047851e-02
1.945644782575496057e-01 1.010876032201872415e-01 2.212921696238704106e-01 4.790947344339260144e-02 1.363759667382429160e-02 2.090755601273118491e-01 5.249997125009334825e-02 1.137423026169761542e-01 4.619084478679458955e-02
1.984899519151594183e-01 5.233987191689776219e-02 1.782714461563184305e-01 1.299600644258037119e-01 1.224447023707246444e-02 2.913916371469754130e-01 2.909938969131569894e-02 5.197706219562747004e-02 5.622610631482967414e-02
9.377821556912180334e-02 1.835276150089323044e-01 6.935416211906202111e-02 2.624473452175233867e-01 8.519735259697373830e-02 7.518235936506251216e-02 4.998024046789453778e-02 7.310005393475257907e-02 1.074326557206771865e-01
1.719813855764076860e-01 2.076362556919133517e-01 7.983068035310912636e-02 1.917063428626487598e-01 7.262080531018598462e-02 7.022471346907235845e-02 5.709701393715814477e-02 5.917611490988905487e-02 8.972668788961545017e-02
4.536084156707360232e-02 1.478697789785033412e-01 3.676043417735791463e-02 1.417640180776613135e-01 8.033884910250900513e-02 2.599137098071738761e-01 1.710721487229868998e-01 5.977736240301610021e-02 5.714285716371775292e-02
1.920917114151062532e-01 3.252070049009139763e-03 6.594535951852442679e-02 6.398186694583664347e-02 1.385155754234245751e-01 5.389078709668843753e-02 1.057629123352582003e-02 2.392898042983409301e-01 2.324565340195436369e-01
1.294539519722947285e-01 2.250186628125697696e-01 8.562080459128304510e-02 2.076470189088940321e-01 7.319624739584278117e-02 5.968750608042205225e-02 5.703485803883096006e-02 1.358602355670075201e-01 2.648071463285523591e-02
1.410346181493156159e-01 1.714267823144534630e-01 8.568614482130036680e-02 2.590733405395537758e-01 1.575028901747738130e-01 4.863423849846515434e-02 5.656392041596129683e-02 3.278713250706651733e-02 4.729093257910956666e-02
1.382827332550490562e-01 1.014450361337599360e-01 1.029739865233544605e-01 1.102262025469845641e-01 1.613937687406583749e-02 3.265880229814583369e-01 1.288972822092631330e-02 1.102602151053492935e-01 8.119469835905233912e-02
1.251301833747817116e-01 1.131557975938920213e-01 5.628363708485396161e-02 3.315114918141453537e-01 7.232488455820557105e-02 6.095924703757161361e-02 6.562381352812604596e-02 1.191572493138979560e-01 5.585369569452601490e-02
7.273900628150765935e-02 3.055574723008249172e-01 6.788460762281800509e-02 1.924238191346452631e-01 8.580137983254229606e-02 2.324377418481502269e-02 5.666532183751915586e-02 1.274836401896795035e-01 6.820097861564811126e-02
1.419408119154895453e-01 1.427802496482797334e-01 1.791715370874088498e-01 4.236484556259989542e-02 5.285668452419208657e-02 4.966054250789175839e-02 1.694539064606573331e-01 1.664212126155818902e-04 2.216050010808650883e-01
1.799604082411818962e-01 1.273818869069315574e-01 7.007344878170197744e-02 2.581671055050501207e-01 5.427167263832220062e-02 1.615383933632851335e-02 4.749993992204253057e-02 1.857348098962298133e-01 6.075688877221123441e-02
9.142637168446463014e-02 8.583675319904038314e-02 1.991247699825386130e-01 8.171549463214035358e-02 5.477452100476316865e-02 3.416768205591444452e-02 1.272304553424896956e-01 7.718926426265075580e-02 2.485346878359977196e-01
2.102913908949995692e-01 1.293617114668134394e-01 1.255409630891075878e-01 1.993127219155682237e-02 6.042811852747823759e-02 2.391642351957811718e-01 5.347759244845781690e-02 1.316403632156266379e-01 3.016435297017855399e-02
6.831580071212267624e-02 1.192542022217437381e-01 6.147248005701721335e-02 3.773948698047935313e-01 5.145803767702671755e-02 1.418828746745370850e-01 5.678889880786180261e-02 5.113417891954187555e-02 7.229865712535540889e-02
1.569930706892214145e-01 1.147590163676384112e-01 9.697183758074950921e-02 3.016943130168319720e-01 8.387520444840140810e-02 1.514583095438992721e-02 1.167649515622366241e-01 5.095953587268314822e-02 6.283623950784755774e-02
1.140791265900135548e-01 4.160196649825281812e-02 8.974183923014295017e-02 2.042716056152552029e-01 5.130510814869275460e-02 6.787770094283458733e-02 3.677937470397727449e-01 1.691997492579028206e-02 4.640893100924482068e-02
2.331705818429486710e-01 1.209509628696012890e-01 7.937776504591516347e-02 2.682685844632899941e-01 1.265643913381881425e-01 2.828453496505423451e-02 6.017840134156539345e-02 3.930072111870525770e-02 4.390405701473183708e-02
5.316557644266801941e-02 1.076707268354168238e-02 3.311539070295865805e-01 4.894168610483623505e-02 5.714287798321312367e-02 2.434747908450849430e-01 7.131100474338723794e-02 1.522784252685626394e-01 3.176465889911928020e-02
5.620021771100916497e-02 3.192821123867361499e-01 4.185923094054164878e-02 2.528580107525587040e-01 1.062114750098374916e-01 3.835657198582145821e-02 5.714285661875721789e-02 5.565493306437808291e-02 7.243459153036013731e-02
2.494343230695474922e-01 1.209435166390935984e-01 6.928478074900883132e-02 1.726013704049033093e-01 8.652268596988374472e-02 3.461119543331705323e-02 5.714284167961553029e-02 1.670403120315455681e-01 4.241897402308503207e-02
1.844697835830724220e-01 1.189911085830291509e-01 5.105487246729512041e-02 2.667857618587237689e-01 1.422077547501384154e-01 3.330838927376103542e-02 5.704390265968270479e-02 1.115586725242805194e-01 3.457975430001680728e-02
2.052395294232469691e-01 1.152161863820187204e-01 6.004977358256742559e-02 2.481909910773247019e-01 1.197089663586356212e-01 4.097223051687504808e-02 6.916818857397892539e-02 1.138262786418200306e-01 2.762785544353264788e-02
1.926456983958004798e-01 1.065651381316218282e-01 7.468506428227673910e-02 2.751308338782845198e-01 1.010348059684224448e-01 4.333322520836080383e-02 7.087086251301875917e-02 1.207288329844791869e-01 1.500553863773526966e-02
1.759439951425278148e-01 1.260098381713966598e-01 1.094602425248537708e-01 4.224667988468666646e-02 5.023543060431290286e-02 2.871663153587173389e-01 3.657266321327147518e-02 9.527256464694094928e-02 7.709227045329264394e-02
1.744301213394086059e-01 1.048285389879479446e-01 1.121145754914640164e-01 5.347423533221100367e-02 6.028066818944538552e-02 2.873550212355822642e-01 5.279642831113061374e-02 7.994099320310338319e-02 7.477941790970649150e-02
1.825405311603277014e-01 1.071806314638263785e-01 2.019432963017708804e-02 2.840163575291634879e-01 1.405485768680635461e-01 4.004223156701248315e-02 5.714258771620946836e-02 1.165811143125891347e-01 5.175363975263058691e-02
2.059979090498008369e-01 1.036411677891159872e-01 9.547756779102443969e-02 2.590928276421378129e-01 1.197291148039359154e-01 2.996404671750269727e-02 5.714285712646959003e-02 1.024983939092534713e-01 2.645611517075932909e-02
2.125578840413288040e-01 1.043963968340753390e-01 4.896325058172140698e-02 2.569403129095320093e-01 8.824591591797260881e-02 4.527924256312665374e-02 5.714285682415770617e-02 1.115124990366397201e-01 7.496164129144575194e-02
1.489937967330625668e-01 1.117957381551062807e-01 6.141198681477977317e-02 2.762564118330066987e-01 1.123982425236659394e-01 2.462804854352649772e-02 5.714285704014559347e-02 1.457173332439246072e-01 6.165558511278198400e-02
1.412168797854033153e-01 1.127759911958318012e-01 6.152512286418781312e-02 2.815279182253059842e-01 1.090794661724429765e-01 3.511826908105096512e-02 5.714285706071550036e-02 1.474752112284651029e-01 5.413828438659661763e-02
1.323784201850411735e-01 1.130329165474364822e-01 2.028644803976499197e-02 2.794834954633700352e-01 1.216232436830212427e-01 3.216793191678742753e-02 5.714285713089616719e-02 1.698170284327500112e-01 7.406765860093234011e-02
9.637006032923675636e-02 1.132216679957719491e-01 2.637174416723914172e-02 2.877253788950886459e-01 1.377194804863842992e-01 3.037520558955866812e-02 5.714285714091286994e-02 1.967731839132797200e-01 5.430042148252829659e-02
1.942336328136288759e-01 1.100156597467765590e-01 2.500337165493430464e-02 2.884581554499034417e-01 1.525033357138414480e-01 2.122110148497986792e-02 5.714285714285871620e-02 7.232741495396760589e-02 7.909447103910896559e-02
1.675730177369923746e-01 1.094926598473342783e-01 2.522360472378988236e-02 2.955668549545920620e-01 1.200225473873193505e-01 6.687730287374393789e-02 5.714285714285737006e-02 8.971699729585259908e-02 6.838415803751815569e-02
4.392554484050184560e-02 1.097378118450490908e-01 4.791786806785942182e-02 2.938219409034413254e-01 1.856127897940961502e-01 2.306837322134021317e-02 5.714285714285714107e-02 1.737924441910657369e-01 6.498036999378889456e-02
3.607590601964865140e-01 4.637323754807322340e-02 1.118547017886831890e-01 7.635338797522497889e-02 1.076961959478668109e-02 2.791365166228851336e-01 5.684986289078067939e-02 1.358144398375027949e-02 4.432216939932900196e-02
2.050523758454582124e-01 1.128243957245009393e-01 1.170910856155040619e-02 2.895879201982849982e-01 9.787080280363123774e-02 6.846679568632911550e-02 5.714285714285848722e-02 9.446068393689666109e-02 6.288506010048994233e-02
1.386235912551475880e-01 1.130919681013170947e-01 1.084649037276762783e-02 2.958814415491274885e-01 1.686346486971719849e-01 4.255922261750828828e-02 5.714285714287006129e-02 1.017820894248148700e-01 7.143769083927506425e-02
2.074469411534214935e-01 1.432423721432063424e-01 1.174543371341536663e-01 5.106525626915493776e-02 7.199739043807393268e-02 6.077600873707933969e-03 1.132834947330950415e-01 3.546829640084230451e-03 2.858857776151024765e-01
2.399284501898727717e-01 3.504379298501305879e-03 1.863487131906617633e-01 3.503902090378898521e-02 2.015790979593026500e-01 5.363847784443152855e-02 3.555082967914386435e-03 1.131834429768401318e-01 1.632233346686865205e-01
1.847659342322048315e-01 3.484449986155835951e-03 1.797178220523416303e-01 2.804342165845994869e-02 2.227680272667685868e-01 5.365840715670223277e-02 3.558040093799873411e-03 1.547875342572422319e-01 1.692163632963248898e-01
1.914509971456713200e-01 3.509423266566516486e-03 1.692620613979519961e-01 6.053952425146659488e-02 1.737043387406872752e-01 5.363343387629063153e-02 3.545934894077851837e-03 1.548402096982346432e-01 1.895140767290533768e-01
1.297337150128136662e-01 3.523927373670813091e-03 1.266147269272932530e-01 3.492790036216822380e-02 1.413541071868356924e-01 5.361892976918632148e-02 3.563385172308146560e-03 1.124852658224784197e-01 3.941780423732451633e-01
1.339687246757157446e-01 3.536183630030186043e-03 2.404857482349773423e-01 1.013816129331775173e-01 1.980959271653104370e-01 5.360667351282695503e-02 3.524740596977517498e-03 1.167212755061484558e-01 1.486791137448356392e-01
7.638703258660126116e-02 1.568600545183301831e-01 4.064311210840367700e-02 2.535002768472143786e-01 1.110971123490563928e-01 1.081574363210388717e-01 5.714285714285716883e-02 1.385846483108779115e-01 5.762746981562021781e-02
2.378954547098713693e-02 1.131664559045294713e-02 8.512271829006133605e-02 8.934288991180090733e-02 3.832963851791715282e-02 1.543695386609811870e-01 2.860030271629643295e-01 2.545831392519778968e-01 5.714285714285714107e-02
1.550300726577245602e-01 3.544306149035645042e-03 9.859732382175175058e-02 5.318673183997123244e-02 2.091103858005574911e-01 5.359855099382149907e-02 3.563201169676330927e-03 1.123043100991176629e-01 3.110651174683438658e-01
1.578166981077532699e-02 1.344829658041145626e-01 7.048622688559719185e-02 3.066052626347120502e-01 5.273628005007710562e-02 1.623347684930710744e-01 8.063047332599218575e-02 1.197994958528032644e-01 5.714285714285714107e-02
5.577026809349246161e-02 1.575530024185106404e-01 4.107928638020892642e-02 3.082444309560093409e-01 1.323790730580435282e-01 2.072844646139414618e-02 5.714285714285714107e-02 1.294797056236336730e-01 9.762292986585001386e-02
3.453407154056448158e-02 3.380275899830812586e-02 1.768142988861905740e-01 1.887984389970187304e-01 8.522602043440025144e-02 1.558956860419055956e-01 1.696273669312753640e-01 9.815850102747977757e-02 5.714285714285714107e-02
1.414193783063301679e-01 1.115296790428534218e-01 1.489241162853423006e-01 2.408448757927011685e-01 1.091549492962964468e-01 2.995269898976561651e-02 5.714285714285714107e-02 1.223554501719215509e-01 3.867599497193221353e-02
1.967306327389664322e-01 9.011140401514777798e-02 1.404817345255310879e-01 4.800339833146227697e-02 1.608008551983087231e-01 9.139458811447205913e-03 1.122228257589668737e-01 3.558581459366913762e-03 2.389511091608028381e-01
2.369900198746405229e-01 9.215585481213437249e-03 2.103562902203377771e-01 1.776492612767284485e-01 1.268738429190499062e-01 4.792727167126872856e-02 1.070785425971863304e-02 1.107673631410341364e-01 6.951251115600867725e-02
9.872063900923834512e-02 1.103907962145310312e-01 1.153380252565237851e-01 2.709182912270237109e-01 1.792977051450367620e-01 2.387409145037368632e-02 5.714285714355916979e-02 8.451038495094631564e-02 5.980720960276730835e-02
2.250250213053755777e-01 9.632119118866969837e-03 2.157370985943490582e-01 1.213769749378691837e-01 1.690388164591793696e-01 4.751073802400198470e-02 3.494729647703794049e-03 1.101460365052158163e-01 9.803846540743799132e-02
2.046408094725415405e-01 1.096214883806482243e-01 2.718784915264791519e-02 2.247849717657310065e-01 9.224422517808800182e-02 5.881762756012574173e-02 5.714285714285714107e-02 1.162250485806613221e-01 1.093351227666993081e-01
2.486352408961896021e-01 6.150457780924037388e-02 2.173610140023841120e-01 4.742173917467318311e-02 1.335671617326752714e-01 9.721117968183980509e-03 1.106423794865840776e-01 3.566879603918425914e-03 1.675798893261509492e-01
6.844509555010920565e-02 3.238213830403471882e-02 2.110091070578194172e-01 1.674983889179681718e-01 5.179565381820132319e-02 1.125500073710053589e-01 1.565606363773176524e-01 1.426161154609574266e-01 5.714285714258631604e-02
2.316040398617869589e-01 1.125272546617223091e-01 3.215355317262179324e-02 1.933327618971857065e-01 8.242020955231731116e-02 1.514713765315094385e-01 5.714285714228017204e-02 7.074217804259277931e-02 6.860576913798333010e-02
2.975533825227205664e-01 1.129313323562022714e-01 2.800432307940655882e-02 1.681166381278494937e-01 8.518191986431657148e-02 9.259898816503827138e-03 5.714285404273307389e-02 1.344830002279977788e-01 1.073266509622699399e-01
1.172224165720688882e-01 3.567162679472803133e-03 1.968552199206888842e-01 1.516883962988551937e-01 2.240589886563605082e-01 5.357561449530386793e-02 3.710945222810962951e-02 1.112080100294198653e-01 1.047147391197203736e-01
1.795012016966932578e-01 4.343332376791302768e-02 1.095918486130124520e-01 2.209637088696163668e-02 1.366852064501434573e-02 2.975709178158627011e-01 4.058398204158694678e-02 1.480269759757455728e-01 1.455268585572101203e-01
1.625490989137508002e-01 1.520103065781243934e-01 1.889654079573930279e-01 2.878907781959140835e-02 6.220802091452622834e-02 2.835377910173447757e-02 1.099242955250570447e-01 6.855303100833790193e-03 2.603447100889886845e-01
2.159993419085839972e-01 3.540945841631573231e-03 2.690328167791400937e-01 5.028191752078491755e-02 1.858228981132321045e-01 5.360191130074665883e-02 5.104457364573909695e-02 1.102887222031600084e-01 6.038687268698147981e-02
5.513118852214977939e-02 1.099673741434938623e-01 1.157894162824042589e-01 4.047843381242469118e-01 1.580447845129749340e-01 3.941436126123866457e-02 5.714285714285718271e-02 3.379200353912172744e-02 2.593367647151247415e-02
4.054450995073445863e-01 1.264763420802283295e-02 2.342114043377073462e-01 5.281844701755716159e-02 5.484397646370680474e-02 4.449522293483431507e-02 1.402512657154549904e-02 1.097173654648776336e-01 7.179572349440392631e-02
5.177835817269733215e-02 1.095368195246648191e-01 2.479714710420643717e-02 3.999389249204355901e-01 1.032990836765855236e-01 7.300943629784016620e-02 5.714285714285714107e-02 1.293965650325586414e-01 5.110080812815425561e-02
6.631753472572175789e-02 1.095363095738582510e-01 1.546013556636040114e-02 3.979617485128621457e-01 1.103449460269054355e-01 8.445437535173219712e-02 5.714285714285714107e-02 9.809841426068535708e-02 6.068367883901693016e-02
1.410152564500933570e-01 1.099361767668463746e-01 1.064481226654986901e-02 3.380889600061800504e-01 1.490066179482974484e-01 5.892050602469873360e-02 5.714285714285714107e-02 6.800277848204516751e-02 6.724203491243144204e-02
1.816161053730186714e-01 2.246954905592742080e-02 1.109545242285991801e-01 3.317087494541868381e-02 4.853542847966457741e-02 2.896914922331307318e-01 1.147433877577231920e-01 6.543347472782419516e-02 1.333851631986932018e-01
1.371348032839669051e-01 1.272254310754033502e-01 1.568968518617876451e-01 3.714320581630966428e-02 1.402027649594761449e-01 1.289750704967105449e-02 1.550579121755797096e-01 7.102144276876425771e-03 2.263393795009291942e-01
2.417891268102042857e-01 3.274753601243061453e-03 1.739543990247095495e-01 5.617592679113588700e-02 2.211043524992055975e-01 5.386810354161480213e-02 1.012362089257826114e-02 1.556233707077857853e-01 8.408634613152272952e-02
1.463414444669321746e-01 6.910932755499231417e-02 8.039511256354671398e-02 2.747341077186409852e-01 1.556176314841980490e-01 5.714285648804579704e-02 1.607674172026423709e-01 2.001649181163998523e-02 3.587561070936200885e-02
1.924599839354861341e-01 9.989746681798935754e-03 1.644005895027862985e-01 1.032734170819194636e-01 5.714285714312160314e-02 2.760238383304363663e-01 2.453340490400868559e-02 6.055364587533229592e-02 1.116225165451100038e-01
1.804207767136921658e-01 7.110702102536002253e-03 1.636146854918110183e-01 1.277945448154592933e-01 5.003215504030696092e-02 2.875249275898060231e-01 1.565586747728331396e-02 1.043735114498893085e-01 6.347282931921587046e-02
1.438593588508018939e-01 1.558664321592140301e-01 3.292025757698601590e-02 3.199789342538622572e-01 7.715154279121327896e-02 9.310601634445431207e-02 5.714285178790830949e-02 4.300418367028438493e-02 7.697042256527571180e-02
2.326270542484778006e-02 1.024135740117917276e-01 1.048071854897013183e-01 3.065138285009016972e-01 8.916944015483069252e-02 1.531415882345144863e-01 1.096190366479436878e-01 5.392978447282594651e-02 5.714285706264256304e-02
2.408196658985718164e-01 6.731561045779894947e-02 2.546964302659639467e-01 7.141525094798815629e-03 9.365630861753947156e-02 5.000133204805832371e-02 1.655528988090563536e-01 1.063592879443639276e-02 1.101803000137759753e-01
1.841082399639030198e-01 1.352405276733130088e-02 2.372936011081175078e-01 4.539061306107184529e-02 2.364007639865058352e-01 4.361882783834459404e-02 1.063572992744380753e-02 1.590364674402260925e-01 6.999170390705562739e-02
4.792601532564920164e-01 7.142732871086315653e-03 2.756857937802674809e-142 5.000012427177082802e-02 7.713128861289060556e-02 3.235304057246833620e-02 1.936103200792535783e-01 1.061555626520337484e-02 1.498867840708348609e-01
3.020225286002404252e-01 1.604183691361563968e-01 2.357023407668099382e-02 1.574519761207917312e-01 1.137312486875040884e-01 1.007277579065822132e-01 5.711706390425766444e-02 4.158490110041786203e-02 4.337592046736887808e-02
2.482513547080652250e-01 1.540649849557196305e-01 9.337887996739739627e-02 2.101071512552043774e-01 7.567027751601702878e-02 5.124041297355665103e-02 5.714259575161303312e-02 8.040237861870122571e-02 2.974196425372531080e-02
2.301643559765839397e-01 4.009315509749175610e-02 1.110622105922471486e-01 2.995769629572854129e-02 1.704947262235952110e-02 2.665998527542011165e-01 9.590200604986121036e-02 1.322467657543560660e-01 7.692448485717057194e-02
2.246747445322405945e-01 5.663670952391796493e-02 1.815231158202671932e-02 2.811245385881609438e-01 1.964732926599082607e-01 5.714285712684629565e-02 1.116377020247577012e-01 6.652703613517579884e-03 4.750514034862408919e-02
1.374222168585402803e-01 5.593325039398151788e-02 5.155978477230820783e-02 3.049762353249605429e-01 2.085837839481344824e-01 5.714283058756963740e-02 1.124464072583662433e-01 1.820564454882126273e-02 5.372984630731744010e-02
1.778394679591714933e-01 1.741592560927074027e-02 1.125960248270288511e-01 8.498303485395169998e-02 3.972939728837984047e-02 3.631501988129013370e-01 4.340275998208341368e-02 1.202580715492626018e-01 4.062511911795003983e-02
1.236405986388582068e-01 1.992819352413812556e-02 1.125095675132349593e-01 9.356406832417074604e-02 3.721708322816882214e-02 4.129405057717913108e-01 3.057450847385120851e-02 5.496993251353284038e-02 1.146555420122536695e-01
2.220159300714156791e-01 1.756203649234877942e-02 1.123491755297470335e-01 9.628717113927622029e-02 3.958682925188483637e-02 3.506796173365409608e-01 2.816559892521187242e-02 1.075048523383032723e-01 2.584878891527133196e-02
1.588648600928640187e-01 9.682030865230182096e-03 2.547679314499368686e-01 7.693787427490857145e-02 2.672494232366454114e-01 4.746082628264081116e-02 7.856215612342567003e-03 1.127450088765079989e-01 6.443582930892392813e-02
1.558459908842345920e-01 3.361910676467482623e-02 1.654265120625892371e-01 1.400744720719991898e-01 3.067774525086872650e-01 2.352381900169168982e-02 1.071610178954843229e-02 1.105882430768900665e-01 5.342830183968488161e-02
3.710362603799997050e-01 1.094780555328614402e-01 8.041140859684477171e-02 1.641706362177179079e-01 6.584983376293171431e-02 4.064051327996517221e-02 5.714285694110204233e-02 6.128750247364703890e-02 4.998293281493062373e-02
6.281886897288997684e-02 8.168170755875758804e-02 4.241226960104103882e-02 1.040515513083931226e-01 4.010769544836602363e-02 1.758921777566918032e-01 3.622257651621345054e-01 7.366710833674529335e-02 5.714285585498071057e-02
1.028165205795898290e-01 6.687359037139727069e-02 3.387493534276793672e-01 2.943740705926006784e-02 1.499024919250805110e-01 2.770551548873737696e-02 1.766115277139351236e-01 3.547646362764572507e-03 1.043559470715555715e-01
1.760536173929847792e-01 4.956681775070648395e-03 1.284711372871288060e-01 1.187519512601327154e-01 3.435907012832897234e-01 5.218617762685224398e-02 1.058273457487861856e-02 1.102465868875224103e-01 5.516041191213982148e-02
1.263650298754263879e-01 1.113035779229256533e-01 8.219015108223312605e-02 1.626580431328119858e-01 5.595789459641015845e-02 1.195829418355574963e-01 5.714285296845089679e-02 2.727803318421020418e-01 1.201917674408209229e-02
5.359894821362964912e-02 1.221391140580040668e-01 8.393863163715711839e-02 1.811036071720483198e-01 2.704099281776632668e-02 1.116543098248690691e-01 1.215504173884310452e-01 2.418311294305995340e-01 5.714284945749482925e-02
1.887536577722172815e-01 9.734093645912245130e-02 8.365527038811407246e-02 3.406719406505323566e-02 2.190322382193934381e-01 2.307574262180992625e-02 1.507416563071511950e-01 3.551898350962590968e-03 1.997814058161760109e-01
3.056995234872363909e-01 3.352680897945074096e-02 1.090172604974408710e-01 5.438904927985031140e-02 5.714140344418538325e-02 2.445005843773829235e-01 3.267111917249418407e-02 1.130016029137282108e-01 5.005264784823070662e-02
2.646684285202355325e-01 1.349722166536153622e-01 1.441909103065867614e-01 2.553829822080238426e-02 5.704850112084493274e-02 2.459927450173343688e-01 3.303337657130267502e-02 6.889266870314068869e-02 2.566285488613689880e-02
2.525069158448592921e-01 1.286717028771824090e-01 1.561407202432094632e-01 6.688807936064028459e-02 5.701256523759291872e-02 2.532626795051785007e-01 8.064389018115259225e-03 3.599274301104062046e-02 4.146020490218116361e-02
1.035305922825863340e-01 5.022776642936260111e-02 4.043534396442854950e-02 2.299897338165273197e-01 2.752035331682729513e-01 5.713695535959939509e-02 1.620517469533017674e-01 5.818151794445869038e-03 7.560617623147496136e-02
1.021131952664927796e-02 4.691711724349009044e-02 2.807641325486120443e-01 1.494263014241014320e-01 1.133592295785307985e-01 1.595573044239692595e-01 1.108622251158895983e-01 5.172316089232666808e-02 7.717920924643092984e-02
8.075391960824383764e-02 5.733937436187174636e-02 6.738856594130535060e-02 2.675663150425164338e-01 2.378664878314975528e-01 5.709067284540283310e-02 1.602448245179459163e-01 9.629868615041680541e-03 6.211997123617481187e-02
8.482414424559518717e-02 7.104137296840876137e-02 5.027855757431272388e-02 2.948681334985860936e-01 2.113455829452686452e-01 5.709491950480827249e-02 1.587085082630427246e-01 1.518120547917954470e-02 5.665757552079824649e-02
1.317721757396111276e-02 4.395914927997512933e-02 2.730793240420622547e-01 2.340707936791350252e-01 9.125408427129648448e-02 1.549816512835714422e-01 9.394826199405389988e-02 8.531223729647494092e-02 1.021728057946986491e-02
7.729901900869293185e-02 8.018845771270083356e-02 8.148837847839726645e-02 1.311019026383607733e-01 3.718406386364091903e-02 1.114788958400053792e-01 1.795159371710701168e-01 2.446244589184381757e-01 5.711888636869331265e-02
3.665862139732720126e-01 2.308079953741776214e-02 1.548885496339379164e-01 1.069490816452236537e-01 4.105626627227761810e-02 1.348381661423939393e-01 3.305635991183484418e-02 7.971322752432712100e-02 5.983133535931479952e-02
3.186951794313166442e-01 2.395444686970983963e-02 1.600901824759050907e-01 4.064467343588033105e-02 4.173909089590282367e-02 1.648852645757390711e-01 1.808383160608350790e-02 1.168725169827078553e-01 1.150348137267550030e-01
1.978206932452261368e-01 8.882158735080979139e-02 9.260538178213123528e-02 4.499519557711821605e-02 2.946787080685894233e-01 1.214768337611359626e-02 1.670902903147359342e-01 3.471553069506400253e-03 9.836890721576940777e-02
2.614724743468511137e-01 2.871857094678119046e-02 1.099170220965613315e-01 3.121656693368418667e-02 2.843034761301822463e-02 2.076616913577054857e-01 8.008283340645412640e-02 1.333226313792881812e-01 1.191778619196561251e-01
2.695939612856762535e-01 1.323062691076713759e-02 1.105720069843699888e-01 6.943558726264829895e-02 4.391218142589205925e-02 2.197917753641704663e-01 8.660022052680602100e-02 1.494270353137271412e-01 3.743660492594278605e-02
2.150894174395071023e-02 1.005581593494980219e-01 4.906883505800348211e-02 2.301605163843492285e-01 8.548827769499682538e-02 1.106194422284106638e-01 2.463272898538266253e-01 9.912685152855275905e-02 5.714168615841161425e-02
3.375399271234729714e-01 3.404644751222071081e-02 1.086125587065479292e-01 6.496184515316574815e-02 5.714004652014082614e-02 1.994499262468176215e-01 2.989707142971700232e-02 1.184016371155915404e-01 4.995054019232543496e-02
2.789039139482160645e-01 2.169141875371824804e-02 1.074606458858167468e-01 1.206256851643880829e-01 5.714288549284708002e-02 2.519627088027916462e-01 3.784919871885633613e-02 5.685816515885411260e-02 6.750537807451151284e-02
1.633596260669679390e-01 3.426042498161727384e-03 1.961949379790170478e-02 7.996729507041025475e-02 2.814141078804635598e-01 5.371683806666339295e-02 3.525529598239103557e-03 1.074695584245661667e-01 2.875015085966262651e-01
2.754932299462705680e-01 1.082268235187310024e-01 2.541004466469124617e-02 1.790789560792276636e-01 7.322749144223675288e-02 3.977443162549983841e-02 5.708520584582996854e-02 1.161142583195422795e-01 1.255895585579708540e-01
1.776327493521242251e-01 3.510954183651782308e-03 4.348954788460002857e-02 9.085359851030788692e-02 2.966327109755548253e-01 5.363191827632704523e-02 3.537083845715732582e-03 1.110143184422010681e-01 2.196971185295173989e-01
3.373399556548168921e-01 1.025693361776671211e-02 1.114158507290467781e-01 7.745476281068452984e-02 4.688590728266381347e-02 1.909616473102969947e-01 1.004748036709715020e-01 7.323314964256649739e-02 5.197698928118660994e-02
2.452609985479511090e-01 1.101086446342416786e-01 5.577852788696213010e-02 2.300513405939137723e-01 6.902262107060308516e-02 5.315751509781876938e-02 5.714287665907376301e-02 8.979967882636809284e-02 8.967779668306725960e-02
3.054731513756385741e-01 1.862486309959080974e-02 1.114269293055645677e-01 1.384443627561053325e-01 5.714288422253447491e-02 2.128929401845190417e-01 5.553302534172143562e-02 8.624459369339963766e-02 1.421725002092663614e-02
1.510275755882043713e-01 1.113275297983398748e-01 5.365345831276858296e-02 2.027303419585612387e-01 7.139464650229261633e-02 1.998259330024391642e-02 5.714254733488875054e-02 2.053650092995090437e-01 1.273762979051911992e-01
4.726942164539980895e-02 1.394155407176785912e-02 2.335705210521619446e-01 3.584323648075000146e-01 3.035852302655074886e-01 3.526222095948623801e-04 7.006173962674805411e-03 3.227068341435553045e-02 3.571428571037830926e-03
9.824342679714133386e-02 1.936772643562679197e-01 6.934694001439771494e-02 1.422538433900731591e-01 5.200420948173049146e-02 5.021383265034427834e-02 5.712937657199755603e-02 2.638500940541703699e-01 7.328101268387733624e-02
1.182637548826832863e-01 1.103567173874473450e-01 7.240567469885957064e-02 2.085119402871526972e-01 5.239106689711956616e-02 5.247558725481753228e-02 5.713620592520708696e-02 2.614956673263446607e-01 6.696338534036824774e-02
1.009095060134239386e-01 1.106022076381372871e-01 4.985465729021559822e-02 2.070111482439985218e-01 4.743771687007795196e-02 2.506479778281994059e-02 5.714059924702787757e-02 2.753020045090567303e-01 1.266773624052421054e-01
1.545201303334607645e-01 1.106784661501185318e-01 4.587421912658752599e-02 2.092360668143953550e-01 8.506977213369894264e-02 2.190346771578202678e-02 5.714267620273077303e-02 2.193543495254173803e-01 9.622085199780867903e-02
1.439352229653300397e-01 2.183921475915994587e-02 2.972688636123239081e-01 1.354556738646885486e-02 5.714285714728392640e-02 1.604639304252029886e-01 9.710300142297770276e-02 1.410355566785030934e-01 6.766578560274963405e-02
1.969022139917050163e-01 1.957303153839519069e-02 2.941324774074561832e-01 5.531388845017193301e-02 5.714285718832766425e-02 1.023999496736264364e-01 1.044489331658653292e-01 1.178338779823169397e-01 5.225277060213513736e-02
2.777483806142002631e-01 2.111636356197553466e-01 6.670787559114944865e-02 1.252200322994195536e-01 8.132548625866999059e-02 1.810947445039652950e-02 5.713590771193173545e-02 8.851320280116688199e-02 7.407600465331010131e-02
3.079837957870946163e-01 3.148421364181246823e-02 1.093797505712618828e-01 4.469261318067607736e-02 5.714274138476311410e-02 2.206724411240087169e-01 5.998515492843485564e-02 1.252776496798519712e-01 4.338163970209627657e-02
3.539559806506589745e-01 7.990301366598595578e-02 1.094022436099359036e-01 4.362958952968216952e-02 5.712460175239879312e-02 2.078638415610510604e-01 2.830622789835728764e-02 6.657759546972032150e-02 5.323690586220924253e-02
3.411509099288367319e-01 1.227335799064428884e-01 1.088612626850631870e-01 4.642228865554769157e-02 5.713863233269671216e-02 2.202447513086578101e-01 2.872512131860151599e-02 2.734233822547735976e-02 4.738111563867608567e-02
1.018965934261810841e-01 6.510592669108047903e-02 1.612164141719063526e-02 1.798635508032559172e-01 3.122764208573008404e-01 5.714520596491201587e-02 1.577287306334123063e-01 7.031466832681456010e-03 1.028304633739850205e-01
9.775213049222609973e-02 6.099470310641209175e-02 1.610923895190387659e-02 1.436172237625160941e-01 3.382534802830249876e-01 5.714433043247888616e-02 1.723846166656005097e-01 7.029371702473773131e-03 1.067149046033636084e-01
1.005768751471192157e-01 7.671786001384772735e-02 1.706728893905358480e-02 1.355793869387539874e-01 3.261962676061485045e-01 5.714425418135699736e-02 1.757422447408767130e-01 7.024650272681725628e-03 1.039511721601612121e-01
2.977841953601290115e-01 1.784983510083552050e-01 9.737049019297369656e-02 1.317324641784309580e-01 5.880595964390000069e-02 3.942378577607629636e-02 5.667292519914354093e-02 9.383798617175109769e-02 4.587384246924012393e-02
2.829824729413848439e-01 1.811383435773745443e-01 4.426615991895042901e-02 1.360104181577506677e-01 1.255354118331446778e-01 2.089795863199353163e-02 4.102543967985144285e-02 9.469251265194360279e-02 7.345128260760606931e-02
2.884381910365569901e-01 1.170586053539119237e-01 1.821888103971382733e-01 5.237919982046562728e-02 7.349918022369869575e-02 1.323251287297303180e-01 2.309490766566398359e-02 5.947147479031434508e-02 7.154450198251990911e-02
2.825414518410609976e-01 1.316734378359732116e-01 1.814362906057856439e-01 4.497070075429754343e-02 7.101453748872457727e-02 1.333996676490818434e-01 3.123746215506759127e-02 5.529715691352626167e-02 6.842929475648260040e-02
3.308354238583238183e-01 1.414859056755982947e-01 1.812566785070220121e-01 7.222142997599843850e-02 4.844780296610029513e-02 1.324042620692791605e-01 2.579488403446091038e-02 3.935871903655638326e-02 2.819489387666074959e-02
2.968546984352892770e-01 8.062943495872446076e-02 1.810557506160737906e-01 9.854838301016283220e-02 6.425221083364579533e-02 1.296536634681684785e-01 7.164937407267049641e-02 5.089591815456753071e-02 2.646056645069708863e-02
3.052696406031630283e-01 7.711019858797245330e-02 1.807400257619419803e-01 1.020305763158490808e-01 6.471596607024190928e-02 1.300223471285067711e-01 4.827838493817422638e-02 5.488443370142814109e-02 3.694842689272211794e-02
2.327161712871365640e-01 1.113378340050455717e-01 1.783043664067950618e-01 8.390130544165066984e-02 6.208029657876054652e-02 1.347739346086592460e-01 8.926661919879269602e-02 5.100296520376607079e-02 5.661650726939350398e-02
3.022604857089730146e-01 1.488412750286587094e-01 1.067196404309409541e-01 3.534421492408731935e-02 6.321220215776264528e-02 2.117954293808116950e-01 2.966737321829486865e-02 5.079193097426745046e-02 5.136744817620308989e-02
3.045893766100303823e-01 1.278802523238444233e-01 1.071392215731250541e-01 4.958801004132230850e-02 6.433194460454472186e-02 2.132804844937815913e-01 3.324933407323957257e-02 5.694289474628650566e-02 4.299848153382557908e-02
7.001331933226946636e-02 1.075739465142593748e-01 1.012566284471358991e-01 2.211437124123335207e-01 6.205907529525178656e-02 4.192261578899269397e-02 6.444324256695914410e-02 2.988473587271694432e-01 3.274010091562855329e-02
8.308150989299484257e-02 3.104021329575861257e-02 2.600973714979384899e-02 1.702020288780331791e-01 3.610889468956940407e-01 6.443507139982104781e-02 1.485169709907911972e-01 5.962396021025401704e-04 1.150292818950108265e-01
8.280556069406029562e-02 3.200056796615795285e-02 2.357964078363686961e-02 2.080453709701401421e-01 3.629124360063935573e-01 6.227089198572938189e-02 1.075496460040001045e-01 6.381387878537426485e-04 1.201977468020281464e-01
7.927221351307713049e-02 1.082767482089699029e-01 1.103514410371939786e-01 1.968302237031846758e-01 7.820532184262753150e-02 3.947898637538730521e-02 5.731956321250325503e-02 2.884969476125933685e-01 4.176855449446319896e-02
9.522999534267739818e-02 1.080785811811017794e-01 1.106263211390208084e-01 2.039089189635164834e-01 9.080583601622374545e-02 2.277019111963144576e-02 5.585234242066609150e-02 2.692254249673013966e-01 4.350238884986076804e-02
7.317094664139853211e-02 1.063507282156168354e-01 1.019051499112860748e-01 2.140362976476573031e-01 7.750556282404515163e-02 4.263390503010512644e-02 5.574781090889011081e-02 2.797258163588272617e-01 4.892378246217340271e-02
1.114908830704630649e-01 7.205193972160561788e-02 5.263426890288898374e-02 5.476794674662652240e-02 3.140877633148729253e-01 6.381332615135555664e-02 1.673806087096022521e-01 1.161038524743904232e-02 1.521628781351461734e-01
6.269295806283300965e-02 1.749037507831765481e-01 4.973588977551914037e-02 1.276909989155983749e-01 1.289725704996894651e-01 7.798541799389883955e-02 6.281908950394078650e-02 2.980985628442199276e-01 1.710076162112398115e-02
1.716909902309699809e-01 1.738120826917683159e-01 5.278025644645436415e-02 1.354923199282192514e-01 1.413748808174659088e-01 8.221819176793536410e-02 6.302144996450557979e-02 1.624796567804298597e-01 1.713017137225137862e-02
2.468118491088574229e-01 1.764256647058853045e-01 5.513629763685664459e-02 1.277530417118088457e-01 1.103186083651500060e-01 7.605767247440092804e-02 6.230228465742878446e-02 1.287815103394998328e-01 1.641307100011245648e-02
3.218681901884072327e-01 6.342485933224834005e-02 1.747511795718418304e-01 6.504392473441533706e-02 6.793215569993484027e-02 1.333771023970016234e-01 3.488193180160717444e-02 1.153763598142982377e-01 2.334429646024519314e-02
2.112778183547984467e-01 4.520465703386411516e-02 1.670244878550970757e-01 5.443502299073666589e-02 2.019530778796690615e-02 1.641350065299858607e-01 1.263218666628878606e-01 1.632373985041937758e-01 4.816843428046953951e-02
2.367611541957175825e-01 6.874495620227631665e-02 1.077976892321815677e-01 8.618043012616878606e-02 6.444840531497729452e-02 2.192893047849191202e-01 1.179401790202111028e-01 5.862819873682886124e-02 4.020968238671911166e-02
9.854381897874324447e-02 1.076540804324114670e-01 9.627939238712766856e-02 2.295236338555034228e-01 5.663619863925260095e-02 6.180927533702973431e-02 6.192015652129134046e-02 2.419241978055410303e-01 4.570924604309935246e-02
1.056498339436117984e-01 1.075094625708066243e-01 9.434370662003432884e-02 2.220367953987040510e-01 6.734488508568124698e-02 5.265220384070149612e-02 5.767308459825568057e-02 2.444668870685011430e-01 4.832314087370365163e-02
1.211193608266330768e-01 1.066738984182714761e-01 1.028517829726503935e-01 2.264352666019493754e-01 9.358313129073787817e-02 2.070536487819600244e-02 5.571726948321920059e-02 2.307740367473957721e-01 4.213988878094702267e-02
3.170725440112432403e-01 1.625018247599736287e-01 1.702782613692800928e-01 1.724076750626461069e-02 5.586959474750138183e-02 1.521005418515992691e-01 3.669621396205380998e-02 7.251777812215731700e-02 1.572247366992655243e-02
