2.955838201660689890e-01 1.852827820620746736e-03 1.518290516159212511e-01 3.683330578428386376e-02 3.106794269260979569e-01 2.032215676870083032e-01
2.978690398851128740e-01 2.040485613216350830e-03 1.460239549887513977e-01 3.596361779672627851e-02 3.124618458619898842e-01 2.056410558542020595e-01
2.697052606227834382e-01 2.512010410501663328e-03 1.672436456450581421e-01 3.795768880361837655e-02 2.849679684722883910e-01 2.376134260457508640e-01
9.295157077451166039e-02 4.094625031688410577e-02 3.089401729512006312e-01 4.406782856221587268e-03 1.931038523696218256e-01 3.596513707315614483e-01
2.366199126648011741e-01 8.759256760289130250e-02 2.117709957139347343e-01 1.452619111284554898e-01 6.028160426105547837e-02 2.584730086288601902e-01
2.114983929710576027e-01 1.287385876069097324e-01 1.174668423704421927e-01 1.868123647463723336e-01 1.001505341972524915e-01 2.553332781079661329e-01
1.965779466623606975e-01 1.335157291910146482e-01 1.586662115183861688e-01 2.405456640758123210e-01 5.540519862445603821e-02 2.152892499279710492e-01
2.318239948062920108e-01 8.734542681168966372e-02 2.567473096954860368e-01 1.785112734958490543e-01 2.537213573304603759e-02 2.201998594576380641e-01
1.780823371923763165e-01 1.627058831068576850e-01 2.165280948769114089e-01 2.153128525772788349e-01 7.010094124952569172e-02 1.572698909970501602e-01
1.178223301139982304e-01 2.571565872650093398e-01 2.917613268994990183e-01 1.625580767728825593e-01 2.606663074517791279e-02 1.446350482034329532e-01
1.488481081885861257e-01 1.006471709525848385e-01 2.476527576562671251e-01 2.427167851267119369e-01 2.386499620179361181e-01 2.148521605791505959e-02
1.468058546759356264e-01 1.166647154900671418e-01 2.870363480871341855e-01 1.900799497864533449e-01 4.529457382656788822e-02 2.141185581338415078e-01
1.621152255625408489e-01 1.824812107740197142e-01 2.710308798815164733e-01 2.846209680416528776e-01 1.889460708229997316e-02 8.085710865796985614e-02
2.188512894852956414e-01 1.677514756037135624e-01 2.580275169172963068e-01 2.663329868943825063e-01 1.827332408150673590e-02 7.076340701780468867e-02
1.489908172681217169e-01 1.252286134508214799e-01 2.687505296265902954e-01 1.759847428526266078e-01 5.323509203532864054e-02 2.278102047665113983e-01
1.552117386100463903e-01 2.818709471728141902e-01 2.248905826539591424e-01 2.712803081344717163e-02 1.188250839714589807e-01 1.920736167782720050e-01
2.750354467614237186e-01 1.104324078632107631e-01 1.804229865050892279e-01 2.396272912398422772e-01 1.667968739730644745e-01 2.768499365736859161e-02
2.179639264085045380e-01 8.422751061875294321e-02 2.931180551167922310e-01 1.800855168739956824e-01 1.577268936960894707e-02 2.088323016123445341e-01
2.539755023027670533e-01 1.601833794996554705e-01 2.703495753101184396e-01 2.379258855359342173e-01 7.165027718532032512e-03 7.040062963299201226e-02
2.136153535421117244e-01 1.563733671898655253e-01 2.943463902150845191e-01 2.608190881103178427e-01 5.713847021338409535e-03 6.913195392128300421e-02
1.520919432786452426e-02 7.738214397035096670e-02 2.523790928426813962e-01 1.919427667568874285e-01 2.721950195573811238e-01 1.908917825448344929e-01
1.860444139610160363e-01 5.922664430902495336e-02 2.790254814806286121e-01 1.827334616395215050e-01 5.640826002253595574e-03 2.873291726075560826e-01
1.643840525445197376e-01 1.371113206030613874e-01 2.585596992614846434e-01 1.592692293302248596e-01 2.552395845880790493e-01 2.543611367262884129e-02
3.231808342597168315e-01 1.261379298518106873e-01 1.317921493415863399e-01 2.357693684441816984e-01 1.575669908631085747e-01 2.555272723959650313e-02
1.613231475641621893e-01 1.745681016777782812e-01 2.887376729519260388e-01 2.982384364833433610e-01 5.079414943465089885e-03 7.205322637932551344e-02
3.101698837345089332e-01 9.584622523581957931e-02 1.183032127321353572e-01 2.834714955586021268e-01 1.808981500193502512e-01 1.131103271958468909e-02
2.244192001679124263e-02 1.261142369103983862e-01 2.766361781356723726e-01 1.575047463034766337e-01 2.414120004247126694e-01 1.758909182089482270e-01
1.198958683150991716e-01 1.884391589911765530e-01 2.510974091079530846e-01 1.614809468247782875e-01 3.782631142064966229e-02 2.412603053403424014e-01
2.240989207860199783e-01 7.573280969322809808e-02 2.591911948534627030e-01 1.786630419277134285e-01 1.980085383038828611e-02 2.425131789091872492e-01
1.120730320331497498e-01 2.025903949747990540e-01 2.499860779394362520e-01 1.416492042657363781e-01 4.526438685976735127e-02 2.484369039271094592e-01
1.426509892832303616e-01 1.115616285644158850e-01 2.949533620309059412e-01 1.898632288651398714e-01 2.264995198525494857e-01 3.447127140375793458e-02
1.534259651472519581e-01 1.916963337019100821e-01 2.782598062452074084e-01 3.009763089376070178e-01 9.224663348602947857e-03 6.641692261941871400e-02
1.537825952826321618e-01 2.739122786014906996e-01 2.530370591825035764e-01 1.011943933948422497e-01 2.011360523119986032e-01 1.693762122653180019e-02
1.219908479427294079e-01 1.576464761499990486e-01 2.466261212295848548e-01 2.210103795885042799e-01 2.357308649132304201e-01 1.699531017595297747e-02
1.344504375636961513e-01 1.900705194925199071e-01 2.609918868845679807e-01 1.531745872134322728e-01 3.054447628298498710e-02 2.307680925627995649e-01
1.141611941870341179e-01 1.768237499204451946e-01 2.709050174088189489e-01 1.759219638488410120e-01 4.719020865530004771e-02 2.149978659795617753e-01
1.178678421620112521e-01 1.400946561822929148e-01 2.811600916518292581e-01 1.987063477462634453e-01 2.416054084728461449e-01 2.056565378475608968e-02
2.041919219536763308e-01 8.646255249915042740e-02 2.602881963334777171e-01 1.822061810687977679e-01 1.569451036514140502e-02 2.511566377797560534e-01
1.260523933139026942e-01 1.747548976938965992e-01 2.563406668168211611e-01 1.568448574617174185e-01 5.983481548960639662e-02 2.261723692240559525e-01
1.475361804044114100e-01 1.000909822173716851e-01 2.570173796347063333e-01 2.117412435412227567e-01 2.947906225285235396e-02 2.541351519494343125e-01
1.317958424112790072e-01 1.359483212184569023e-01 2.549295170443241498e-01 2.334831130677960942e-01 1.968287626634994403e-01 4.701444359464383022e-02
1.264503946679870483e-01 1.239459416024757676e-01 2.054959673669116971e-01 2.249772923128390834e-01 3.557405811498252912e-02 2.835563459348037774e-01
1.467992442210474258e-01 2.487828944386552554e-01 2.160543130565096559e-01 1.314954887113073678e-01 4.097380726654903382e-02 2.158942523059317053e-01
1.708820871384077733e-01 2.405376742605377371e-01 2.231461827925049768e-01 3.940418530963270272e-02 1.161422651185961691e-01 2.098876053803207520e-01
2.462071979878336925e-01 1.190082991510370142e-01 1.626867963869705058e-01 2.455400265691567441e-01 1.990199589896950449e-01 2.753772091530620400e-02
1.922292998441111067e-01 2.340595088886786579e-01 2.325819346119840370e-01 1.297481392547960022e-01 1.904451632307513909e-01 2.093595416967869785e-02
1.481029287024345220e-01 2.312484280502506706e-01 2.546632055726321120e-01 1.291120595525043768e-01 2.205083329386971491e-01 1.636504518348090922e-02
2.187978013028585578e-01 7.140556412790008411e-02 9.098652180414758261e-03 2.739008914096862091e-01 2.605381016190433940e-01 1.662589893600968094e-01
1.403161583666342471e-01 1.267448064527242901e-01 2.145339536766820709e-01 2.341968354763916405e-01 4.450382806364818616e-02 2.397044179639191419e-01
1.619451374386890741e-01 8.607087994151593757e-02 2.080915326870506343e-01 2.509008325371411274e-01 2.182468191599696086e-02 2.711669354796060194e-01
2.622471746701994233e-01 1.031156340798034671e-01 1.546138029818497350e-01 2.323106090504848953e-01 2.140080304254135535e-01 3.370474879224943932e-02
2.779448429610160698e-01 9.821413113993934796e-02 1.538940623425752441e-01 2.630442123479654337e-01 1.899718205051091346e-01 1.693093070339391631e-02
2.223885529643924719e-01 8.236754788444880515e-02 2.546164173785437912e-01 1.592278464255523496e-01 1.390596382146256152e-02 2.674936715255999964e-01
1.297454224789620914e-01 1.460432205470803269e-01 2.486815982013797222e-01 2.348854986779068676e-01 2.122952863955477054e-01 2.834897369912237411e-02
1.131841040014499589e-01 1.319701674824834692e-01 2.723005762108068883e-01 2.423784163007140224e-01 2.107130241352308253e-01 2.945371186931476648e-02
1.955705222327042969e-01 1.064532906886591079e-01 1.935084639508774518e-01 2.438748974711184569e-01 2.548090967581265881e-02 2.351119159808273962e-01
2.584029226755406028e-01 9.497752091453014189e-02 1.771360970933233692e-01 2.403378847550087238e-01 1.972341876919704862e-01 3.191138686962627369e-02
2.335701274828229090e-01 1.074663282228967148e-01 1.731709020419250067e-01 2.763086148766905059e-01 1.790207901898454301e-01 3.046323718581951667e-02
3.561156638127815216e-02 1.312084946280327735e-01 2.279995719952430666e-01 1.578627128454596074e-01 2.572242584764404261e-01 1.900933956735443575e-01
2.578230725790823241e-01 1.007843453272463802e-01 1.770944906641758743e-01 2.648800263337963701e-01 1.736214092989135926e-01 2.579665579678551077e-02
1.456441070952670946e-01 2.456759611874932969e-01 2.201595199061716357e-01 1.324270059692132795e-01 3.440258477529219844e-02 2.216908210665624601e-01
2.691764553455351927e-01 8.742943447498324749e-02 1.707181917668734172e-01 2.741656252184447307e-01 1.772250185556893676e-01 2.128527463847562293e-02
9.494684765294907069e-03 7.807200217746049220e-02 2.976260957513806038e-01 1.936561389359580110e-01 2.335005055064631185e-01 1.876505728634419445e-01
1.942423395669476693e-01 2.805622381883614014e-01 1.883042542392110719e-01 1.175988423115517101e-01 1.870775533813250902e-01 3.221477231260362617e-02
1.451487692766816051e-01 2.228003384065738446e-01 2.524644603553733990e-01 1.197830890478948640e-01 2.320451511336980577e-01 2.775819177977884716e-02
1.009230039413849395e-01 1.470960899549364487e-01 2.556871919426930706e-01 2.505573884711199684e-01 2.145780329917149620e-01 3.115829269815007310e-02
1.306877467001822113e-01 2.464275143612634500e-01 2.203597999893058268e-01 1.364835972697316380e-01 4.004920168164703698e-02 2.259921399978703227e-01
1.306236069203742800e-01 2.378189224255188028e-01 2.045876380920939319e-01 1.678628819637938419e-01 4.850701866980803439e-02 2.105999319284108939e-01
2.663821807762258853e-01 1.095529656203695079e-01 1.403424277191922809e-01 2.454746730546475131e-01 2.054208402395681643e-01 3.282691258999560074e-02
1.965695177303339591e-01 2.452425793412607580e-01 2.478976954898686746e-01 9.745111549675718188e-02 1.883260401684053731e-01 2.451305177337424410e-02
1.398168806906854023e-01 2.204267477126953811e-01 2.206791550597761165e-01 1.580028420548089951e-01 5.959999455281358993e-02 2.014743799292208482e-01
1.961108223295263686e-01 2.277558888834256834e-01 2.486358700664274002e-01 3.168420091110216164e-02 1.187652807472647648e-01 1.770479370622526083e-01
1.343394054031009643e-01 2.338709898857698199e-01 2.255021225365716198e-01 1.631852108321151240e-01 3.467391002872716871e-02 2.084283613137152824e-01
2.063946873683642214e-01 1.801247870652770977e-01 2.965510056373675263e-01 2.475740613542823931e-01 1.021208612808675517e-02 5.914337244662032367e-02
2.706985721075580997e-01 1.018296548478464375e-01 1.759843418279699867e-01 2.310259508440512810e-01 2.020419681236818588e-01 1.841951224889266936e-02
nan nan nan nan nan nan
nan nan nan nan nan nan
nan nan nan nan nan nan
1.757408120548512309e-01 1.284563443828267704e-01 1.966501818351741870e-01 2.110003785151230160e-01 2.244366517066340161e-02 2.657086180413609777e-01
2.326202782764062171e-01 1.142955964684143066e-01 2.081794500495985079e-01 2.449856617222884725e-01 1.794701261666075687e-01 2.044888731668549967e-02
1.105085723926198943e-01 1.923029236747638981e-01 2.307852432430738954e-01 2.589684829954110312e-01 1.930537961870943120e-01 1.438098150703661510e-02
2.465978036152998154e-01 1.256232702822836500e-01 1.667827814212143878e-01 2.372850304681117795e-01 1.969819078329571871e-01 2.672920638013307967e-02
1.566037987640599149e-01 2.469550712517409319e-01 2.881986117515283885e-01 1.068929561398307138e-01 1.853510015524825194e-01 1.599856054035640393e-02
2.227250558216656573e-01 1.151903483551893481e-01 2.323241869915367575e-01 1.433487615440481866e-01 3.504284965839416649e-02 2.513687976291658077e-01
2.683319194818901132e-01 1.032162242953151149e-01 1.611645216866004759e-01 2.441124610395647987e-01 1.906032376276817208e-01 3.257163586894805396e-02
1.624740825336903893e-02 7.548411106267684245e-02 2.818632089080234104e-01 2.089946328216567006e-01 2.500017714341782327e-01 1.674088675200952059e-01
2.608387489523331104e-01 8.272650841035669722e-02 1.953720784253313858e-01 2.523577828024956005e-01 1.892821566558158253e-01 1.942272475366733572e-02
1.941496699324645955e-02 7.205367744481400161e-02 2.862326454112372742e-01 1.903521222804705759e-01 2.527876609615846148e-01 1.791589269086479586e-01
5.859810868257946115e-02 3.281695343922185204e-01 1.512445998489866938e-02 2.602971695680225128e-01 1.472268245183055435e-01 1.905839028539756119e-01
1.011732393187155139e-02 7.198593375161098373e-02 3.198047263833719844e-01 2.030892258027907904e-01 2.386953223154380521e-01 1.563074678149169450e-01
6.479553144334629193e-03 6.753745389800681898e-02 3.024132211512904900e-01 2.006510186157181574e-01 2.551218309820968977e-01 1.677969222085532452e-01
1.679481122061506349e-01 2.832232203213672639e-01 2.569867593253319371e-01 9.902946351244434897e-02 1.742285923575270512e-01 1.858385227717716109e-02
1.354436885278417213e-01 1.026063783533556484e-01 2.028579202222019762e-01 2.445542423018468581e-01 2.658515719660069221e-02 2.879526133981525349e-01
1.272876548480143255e-01 1.103774767567440168e-01 2.560604854402107056e-01 2.380914682276585870e-01 2.275486352897611031e-01 4.063427943761077632e-02
1.040679876346057159e-01 1.259022992789846918e-01 2.808720546074755520e-01 2.325978225218590933e-01 2.420507869546252300e-01 1.450904900244830500e-02
1.371073383310879024e-01 1.081610185152829529e-01 2.536359471622345874e-01 2.251142787370300768e-01 1.693678858414961186e-02 2.590446286702154377e-01
2.612655176561354264e-01 8.932132569006631662e-02 1.504913215697227247e-01 2.668597843540631565e-01 2.090127611320617695e-01 2.304928959795077975e-02
2.869673427734986682e-01 9.228269678866866943e-02 1.249073659895530708e-01 2.573909272442153062e-01 2.053886472818066966e-01 3.306301992225806757e-02
2.637353986413620843e-01 1.021626739526489969e-01 1.572320829303726908e-01 2.268429582913530362e-01 2.112710897008319988e-01 3.875579648343047134e-02
1.094510769202287626e-01 1.326829435234317678e-01 2.670006989538164510e-01 2.401091478080878694e-01 2.193621175312850946e-01 3.139401526314973545e-02
1.536712777597378787e-01 2.506912570835958531e-01 2.574129120837949647e-01 9.794463928890680127e-02 2.091247609232045890e-01 3.115515286076020463e-02
1.034152080623180481e-01 1.601417700565976876e-01 2.518566077386509838e-01 2.350531644251511176e-01 2.180748569338816778e-01 3.145839278340092915e-02
2.580487489093281073e-01 7.639467452435708128e-02 1.794779672464556219e-01 2.864878597152463180e-01 1.772469544484383264e-01 2.234379515617464229e-02
1.483306259549319883e-01 1.053052331020397775e-01 2.205799088013271902e-01 2.472466150915699767e-01 2.093504609967523911e-02 2.576025709504564110e-01
1.400307025514754555e-01 2.477524056315177359e-01 2.392712573038177082e-01 1.173045440137582274e-01 2.214888589550046902e-02 2.334922046039299148e-01
1.241062741829002530e-01 2.589292186696304232e-01 2.183999285160946324e-01 1.299040621451275079e-01 2.925814964709621060e-02 2.394023668391502824e-01
1.388067346228910870e-01 1.323184065197735293e-01 2.411071474755807631e-01 2.402273574050467209e-01 2.102964161652359221e-01 3.724393781147167237e-02
1.297583358897568540e-01 2.300790440518160618e-01 2.358913329932408598e-01 1.368217992288014995e-01 3.876775480635669818e-02 2.286817330300278117e-01
1.688096998828702289e-01 2.658231018568175119e-01 2.483866801868676311e-01 1.062007732647980152e-01 1.850449534886431657e-01 2.573479132000389830e-02
1.025341200004019487e-01 1.533958267479290372e-01 2.807888736892307224e-01 2.382579755199525640e-01 2.040194557869325354e-01 2.100374825555249847e-02
1.509018564783172478e-01 7.848120847242505416e-02 2.870983835374291138e-01 2.769462805577755371e-01 2.152182733230477429e-02 1.850504436217470239e-01
2.545572753450357495e-01 8.068681708855252044e-02 1.598812174703684308e-01 2.757021197759978448e-01 2.071105781410829128e-01 2.206199217896313153e-02
2.596956267527097406e-01 9.496119373870741398e-02 1.587217138725867394e-01 2.717720693513246966e-01 1.861429424606070304e-01 2.870645382406474336e-02
9.273302995208554389e-02 1.763397875029302231e-01 2.556068001004393464e-01 2.603426387901706662e-01 2.000498819541887130e-01 1.492786170018535127e-02
1.383395493982037538e-01 2.785530144294172672e-01 2.240819894609759610e-01 1.198444652458628690e-01 2.569050283385895805e-02 2.134904786316814962e-01
1.534996135031810871e-01 2.078898160011025953e-01 2.884568152836081700e-01 1.061445348443359471e-01 2.187972118104939134e-01 2.521200855727772847e-02
2.749567118747570649e-01 8.756645287927954102e-02 1.953895558823466883e-01 2.464406060917471997e-01 1.708480850223361158e-01 2.479858824953453528e-02
2.581794652574309623e-01 1.056928654234142867e-01 1.852915079015355071e-01 2.438483205353150496e-01 1.811335925814661074e-01 2.585424830083753178e-02
1.886251463383267768e-01 2.686632431839366397e-01 2.686971690215160247e-01 8.026865550615759626e-02 1.766737700813834910e-01 1.707201586867884702e-02
1.869353345284879564e-01 2.806801301154036032e-01 2.629590028001104751e-01 8.502393736152394355e-02 1.600077127171498081e-01 2.439388247732357171e-02
2.576396489930909417e-01 1.168295770008989376e-01 1.450696661728692605e-01 2.550467545603338770e-01 1.840574139032452594e-01 4.135693936956015559e-02
2.573539172692360655e-01 1.114484008452908542e-01 1.493132079766049669e-01 2.667758304181619411e-01 1.727953299880243820e-01 4.231331350268186658e-02
2.632333041572775256e-01 1.476621585493571864e-01 7.595642733809371272e-02 1.849737232551161847e-01 2.221147463593664551e-02 3.059629120642176625e-01
2.543447384590359905e-01 9.919110782420757777e-02 1.574704855707078355e-01 2.824909502028151165e-01 1.777978955610303724e-01 2.870482238220246896e-02
2.560124491879294806e-01 1.020098775513423178e-01 1.651080779554885691e-01 2.718705009681440243e-01 1.746503267749944521e-01 3.034876756210179091e-02
2.722888957828642487e-01 8.332295103625989019e-02 1.581993055932239822e-01 2.938730102107159903e-01 1.721150317132971175e-01 2.020080566363718563e-02
2.370210533270274422e-01 8.848077766253634180e-02 2.015785524415341368e-01 2.672350636097565180e-01 1.831439748159465752e-01 2.254057814319735883e-02
2.182983186881854443e-01 2.830831449855968907e-01 2.439393861003882058e-01 7.151007402349478237e-02 1.643471335792165700e-01 1.882194262311875921e-02
2.349316490829483350e-01 8.028091292045129446e-02 2.105494414774878587e-01 2.812092425918495953e-01 1.647455086362455967e-01 2.828324529101719845e-02
1.897404406518004294e-01 2.302093817336950954e-01 1.924538954960579584e-01 1.024738966090186082e-01 2.895284254153789733e-02 2.561695429678890190e-01
9.553106241342992910e-02 2.418965276996066713e-02 2.485975827731725374e-01 1.954550864496050477e-01 1.483760834751959301e-01 2.878505321186348165e-01
1.177416077723435379e-02 6.219642292731795280e-02 1.787406840757534976e-01 2.841498049675250104e-01 2.079791624618759494e-01 2.551597647902941746e-01
2.576833713844574048e-01 8.630191056741455535e-02 1.584649757645590906e-01 2.935998307681105812e-01 1.868709863111885083e-01 1.707892520426967931e-02
2.231228689044276459e-01 1.452025824890209316e-01 3.047697069994780295e-01 2.453314026769477241e-01 1.337396961656736952e-02 6.819946931355917730e-02
2.244371570639053515e-01 1.591020224072625389e-01 2.941280570492432189e-01 2.409019030030217501e-01 1.141489210086379241e-02 7.001596837570310539e-02
2.062666028395634676e-01 8.080882311730498702e-02 2.500710314132294498e-01 1.670035842416921490e-01 1.155203968676565135e-02 2.842979187014449405e-01
2.366732231220811389e-01 6.831412220437566019e-02 2.215837817813368638e-01 3.025114235431942133e-01 1.608987019200342761e-01 1.001874742897556833e-02
2.538464086854161916e-01 8.095277494105974914e-02 2.093767679871547382e-01 2.905056792356319750e-01 1.484154989873192609e-01 1.690287016341748827e-02
2.708441801134119920e-01 8.304743801999711628e-02 1.725243575850736455e-01 2.867837590107331081e-01 1.727484889323170625e-01 1.405177633846786851e-02
2.724910127891289058e-01 7.773512349715641645e-02 1.686799827562351362e-01 2.826654756697618565e-01 1.821438632007756631e-01 1.628454208694105065e-02
1.831497536548012672e-01 2.495068785239061282e-01 2.652217299488750513e-01 8.556584952956751422e-02 1.979770276069008350e-01 1.857876073594845120e-02
2.484631080256636815e-01 1.500204351006668990e-01 6.241477742030790421e-02 2.457500762613451240e-01 1.102271320689233135e-02 2.823288899851232880e-01
1.669850393643762532e-01 2.407048518468803411e-01 2.833180629336747858e-01 8.463012139111339427e-02 2.132907670723726556e-01 1.107115739158223179e-02
2.650027843435918129e-01 8.037940612452641742e-02 1.937036506523555635e-01 2.731050137554843493e-01 1.766089656867345370e-01 1.120017943730642132e-02
1.409955321179682530e-01 9.920786946265196249e-02 2.344336974505384086e-01 2.416587398603982639e-01 1.280411823138919401e-02 2.709000428770530489e-01
1.422017857039171163e-01 1.192909699999589179e-01 2.532574753481193763e-01 2.190075303812651364e-01 2.287721297289689870e-01 3.747010883776959178e-02
1.087273373083708639e-01 2.501706752985385918e-01 2.395654297366991148e-01 1.309443385869241694e-01 3.404922553955675585e-02 2.365429935299107056e-01
1.213394004932389081e-01 2.354853185407992100e-01 2.215985457149942384e-01 1.493399210797581589e-01 3.973998822361164696e-02 2.324968259475971022e-01
2.606161738681474493e-01 1.022241393544039284e-01 1.588024207335193005e-01 2.503738025338754780e-01 2.034990607050841116e-01 2.448440280496908331e-02
1.416456966976203380e-01 2.509662932776555722e-01 2.360528563528940527e-01 1.228504322243665348e-01 2.279844526381592101e-02 2.256862761836474496e-01
2.560418737053541949e-01 7.535575942796053639e-02 1.974129560506554526e-01 2.907910220198607343e-01 1.684210641502830175e-01 1.197732464588584754e-02
1.142421596379021020e-01 1.256609367403604127e-01 2.785799369890623600e-01 2.070806772180958932e-01 2.594704345334042372e-01 1.496585488117714927e-02
1.199989298802517784e-01 1.320683890726869203e-01 2.754261903129962552e-01 2.181885731680829332e-01 2.291533885737004894e-01 2.516452899228128690e-02
1.774375711140391831e-01 2.817046293717984096e-01 2.128047087861900388e-01 2.469124987277929520e-02 1.102865797682205939e-01 1.930752610869737596e-01
1.855886871022398021e-01 2.415345951979810668e-01 2.613940438882015882e-01 9.716440284865453247e-02 1.916438083924465186e-01 2.267446257047781369e-02
1.802924221462320342e-01 2.599115733945347451e-01 2.657212916015216919e-01 8.660371298030224152e-02 1.938847177406661515e-01 1.358628213674238465e-02
3.015350732907715048e-01 6.295372125555706577e-02 1.832831010119999327e-01 2.549381000586289914e-01 1.887830087188723804e-01 8.506995664169682628e-03
2.942698650226315826e-01 6.837444206607810882e-02 2.121983188815959043e-01 2.612418415550302742e-01 1.565872317347283826e-01 7.328300739934017101e-03
nan nan nan nan nan nan
nan nan nan nan nan nan
nan nan nan nan nan nan
8.610024644697525376e-02 1.290136867744977045e-01 3.087274878756164354e-01 2.762013938062482521e-01 1.916055028776696978e-01 8.351682218992828241e-03
1.995793510859032172e-01 7.714006783587699922e-02 2.741117155144829898e-01 2.759908278735627718e-01 6.743265234942027661e-03 1.664347724552316665e-01
3.088877011015084828e-01 7.752129301818375118e-02 1.435235913334053370e-01 2.707437079759503762e-01 1.913854083188297472e-01 7.938298252121091247e-03
1.136906965046249607e-01 1.256469677625818293e-01 2.754935050174808220e-01 2.555512324812727054e-01 2.098560893399442073e-01 1.976150889409622469e-02
1.501967047629417240e-01 1.138014820572475216e-01 2.256356752231276630e-01 2.480999812285874517e-01 1.946347905112947099e-02 2.428026776769662831e-01
1.420775674640658293e-01 2.290388528200417440e-01 2.373776946058023252e-01 1.194313903868828158e-01 2.874137819347869979e-02 2.433331165297283050e-01
1.956679432658747497e-01 2.537303098499743004e-01 2.078128329586685086e-01 2.678113359977781979e-02 1.093561081534021318e-01 2.066516721723043459e-01
1.774549575955328418e-01 6.779054349080171349e-02 3.005536473930058849e-01 1.582541610742730920e-01 1.617697108167270512e-02 2.797697193647133984e-01
nan nan nan nan nan nan
nan nan nan nan nan nan
nan nan nan nan nan nan
nan nan nan nan nan nan
nan nan nan nan nan nan
2.641531292289907018e-01 4.541671790854337476e-02 3.559557581808537631e-03 3.174509631342348204e-01 2.334551039039590437e-01 1.359645282424644108e-01
2.631130850281634959e-01 1.381324539635246929e-01 2.999927759024299534e-01 2.438753602239290275e-01 5.928867230584462973e-03 4.895745765136827465e-02
1.198706131692024168e-01 2.570607527720512597e-01 2.274853006872741279e-01 1.281340403577878595e-01 2.460197155419805923e-02 2.428473214594864538e-01
1.334747875798537597e-01 2.572596930834950002e-01 2.731546140277786305e-01 1.104501746444080806e-01 2.117255849950388236e-01 1.393514566942498541e-02
nan nan nan nan nan nan
nan nan nan nan nan nan
2.231873279634581098e-01 4.854446192934204485e-02 2.742446509780780469e-03 2.967964235661262329e-01 2.870840095542337989e-01 1.416453304770597110e-01
2.049925722184701982e-01 7.141865200504018962e-02 2.716071014269524353e-01 1.701361177967362082e-01 9.694162430261245994e-03 2.721513941225387478e-01
2.059235444606031529e-01 2.415902711346496201e-01 2.532104797247403116e-01 2.040164072485048039e-02 8.917907070958229487e-02 1.896949932455742061e-01
9.605375118667072720e-02 1.828021708034857640e-01 2.468068562768288565e-01 2.299188282428338281e-01 2.234318664700852552e-01 2.098652702009446910e-02
2.722672540237169869e-01 8.410399151219787039e-02 1.659973189693290385e-01 2.661297395068551452e-01 1.929802666203033201e-01 1.852142936759802391e-02
1.013528544989122926e-01 1.444917666967927561e-01 2.616027828994609283e-01 2.394556359900266718e-01 2.294238056222841493e-01 2.367315429252365988e-02
2.354499617846943504e-01 5.694301243125902273e-02 2.713732727098078779e-01 1.465942470878380810e-01 4.803778912612948621e-03 2.848357270737890690e-01
2.394381640663505728e-01 6.922253958971226473e-02 2.439248986375559536e-01 2.703645993173536821e-01 1.672297224438768493e-01 9.820075945150028712e-03
2.358972689641137266e-01 1.551690076739468960e-01 2.795695772607315055e-01 2.503356867601090885e-01 1.081099710666069171e-02 6.821746223443815593e-02
2.203506702669028594e-01 8.218204517724894687e-02 2.594426772332639186e-01 1.675098191536631143e-01 1.992933079672547930e-02 2.505854573721948420e-01
1.281058391364526261e-01 2.307015724138134216e-01 2.390415092569241895e-01 1.412375802838329308e-01 3.638689747454836726e-02 2.245266014344289018e-01
2.085053271620131432e-01 7.537533164497876859e-02 2.358105561897996805e-01 1.872979795938844449e-01 1.595262124408656015e-02 2.770581841652384747e-01
1.446388533667667398e-01 2.146548524908501732e-01 2.322711637236278825e-01 1.284780443734123700e-01 4.062584822754154723e-02 2.393312378178006905e-01
2.819837958159352453e-01 8.492868814029057301e-02 1.660890819680634067e-01 2.539778016642673664e-01 1.896737500417564892e-01 2.334688236968749525e-02
2.439723900608904150e-01 1.763191466543960195e-01 7.062986440869999105e-02 2.124455222023022560e-01 1.428024712507578939e-02 2.823528295486344430e-01
1.555455043217682243e-01 2.037276785352988007e-01 2.135510882781879449e-01 1.345147847703391797e-01 2.978080895821491603e-02 2.628801351361906846e-01
1.272977472421520095e-01 1.219403109433886412e-01 2.648188458949456980e-01 2.608884251874777904e-01 1.945044588462774837e-01 3.055021188575867894e-02
1.219329496305148197e-01 1.293890116374680765e-01 2.723499639162430541e-01 2.464680961922860458e-01 2.048768839296497279e-01 2.498309469383785605e-02
1.348805145694146612e-01 2.206440402696867864e-01 2.082567343778223001e-01 1.339714674102122915e-01 3.891472054885566911e-02 2.633325228240087634e-01
2.452140908499033933e-01 1.128005224815773061e-01 1.612113880120921439e-01 2.668736198829484985e-01 1.777357574264136209e-01 3.616462134706523862e-02
2.338292737076470007e-01 8.620006206866452636e-02 2.264422425861560839e-01 2.639568818972186093e-01 1.616082124955848798e-01 2.796332724472787995e-02
2.124962662605006936e-01 1.359537488540331907e-01 3.085854276592170375e-01 2.805941635005654855e-01 4.583384852517803122e-03 5.778700887316530477e-02
2.412879355765394918e-01 8.099359161052875622e-02 1.960217999360242824e-01 3.059508921952871496e-01 1.589630981005763777e-01 1.678268258104346350e-02
1.733209808029831656e-01 2.464702447634861959e-01 2.570449735464485075e-01 9.711530205011341399e-02 2.048580154226238847e-01 2.119048341434492944e-02
2.606154971066404480e-01 8.122697933158193329e-02 2.065590615126886020e-01 2.405745078096002132e-01 1.893790356029324551e-01 2.164491863655527634e-02
2.129311082588610515e-01 7.569335131377881443e-02 2.777529263545143179e-01 1.700132393841045086e-01 2.283120421197132321e-02 2.407781704767689435e-01
2.144985735143284389e-01 8.952922164264345839e-02 2.600954767918268185e-01 1.596614074660039906e-01 2.754862955862114396e-02 2.486666910265767083e-01
2.664212205102998721e-01 1.143400088875433929e-01 1.550531739278517285e-01 2.426776413243406372e-01 1.888144853203495843e-01 3.269347002961400100e-02
1.418447724516314901e-01 2.261713371714541010e-01 2.213919722318603567e-01 1.326225678614064429e-01 3.436816468358663834e-02 2.436011856000603326e-01
1.963659037444892286e-01 3.023920507132468183e-01 2.798176591677865033e-01 5.692806466470396592e-02 1.545559329801698134e-01 9.940388729604255139e-03
2.806468231277653991e-01 6.631942576065734396e-02 1.797048315220562409e-01 2.987698490558229336e-01 1.653204369457178802e-01 9.238633587980249126e-03
6.492891199330217897e-03 6.217687631819739102e-02 3.068709882931716093e-01 2.410085265776741315e-01 2.353842022312629123e-01 1.480665153803629730e-01
nan nan nan nan nan nan
nan nan nan nan nan nan
2.263266868076974081e-01 7.857825649791067013e-02 1.976013231238317736e-01 2.907341602117166079e-01 1.955193015484331387e-01 1.124027181041089597e-02
nan nan nan nan nan nan
nan nan nan nan nan nan
nan nan nan nan nan nan
2.488444512765961292e-01 7.640187249152192994e-02 1.842893555236309044e-01 2.730016654320990277e-01 2.004368831173665433e-01 1.702577215878376890e-02
1.920469038773200965e-01 8.542152508574787917e-02 1.958716743932771287e-01 2.701662303836864787e-01 2.750257059522244127e-02 2.289910956647455420e-01
2.457373120439901859e-01 7.457712281289526068e-02 2.201443462341971802e-01 2.725679424301273857e-01 1.643076417824853308e-01 2.266563469630374777e-02
2.232484234279967783e-01 8.125123104427271759e-02 2.442133800385534736e-01 2.762669974259066019e-01 1.630022578899330832e-01 1.201771017333731068e-02
2.548114088418022560e-01 7.717703026323011195e-02 2.108946361897561794e-01 2.897554512210782640e-01 1.570181444655005532e-01 1.034332901863292166e-02
2.784260543318498038e-01 7.206167233825602758e-02 1.776035622360578881e-01 2.795381298405549830e-01 1.831333119459035430e-01 9.237269307376795233e-03
1.362879432627690512e-01 8.993034011699424513e-02 2.035278177488832885e-01 2.605411191918654557e-01 1.729247085121843677e-02 2.924203088282684715e-01
7.936477926050072851e-02 2.848440718027048790e-01 7.941525047051489067e-03 1.226787576911887445e-01 2.176101773503968939e-01 2.875606888481584411e-01
nan nan nan nan nan nan
nan nan nan nan nan nan
nan nan nan nan nan nan
7.452488270682457519e-03 8.619425642222998396e-02 2.849018411434608988e-01 1.832325529052492852e-01 2.758389321791221982e-01 1.623799290792537764e-01
2.737581946965781388e-01 8.752014636577210016e-02 1.601796885989184016e-01 2.833041727262496923e-01 1.881371483481159845e-01 7.100649264364810101e-03
2.373989740882734012e-01 9.807052105328693814e-02 1.744580741128477497e-01 2.862529502466384934e-01 1.919848425703535588e-01 1.183463792859975119e-02
2.483287837182486524e-01 9.227630333860969980e-02 1.939617081947135613e-01 2.708454242437541848e-01 1.837268469166504770e-01 1.086093358802459399e-02
8.434409273536943447e-03 7.841141027975033484e-02 2.504711549068266430e-01 1.985831038019735539e-01 2.853277330308092719e-01 1.787721887071030691e-01
1.205177502540145419e-02 7.856867719918954329e-02 2.852144763886368395e-01 1.620411328648402316e-01 2.763471330763219713e-01 1.857768054456101214e-01
2.132713602821086074e-01 6.309632024779102122e-02 3.013805419319607881e-01 2.459118557082823620e-01 6.729253074160576262e-03 1.696106687556949988e-01
2.447450877466754438e-01 1.431424182287148461e-01 3.103083660041571212e-01 2.280293651718061365e-01 7.536028766534527863e-03 6.623873408211171376e-02
6.419842979708499479e-03 3.218539414194216408e-01 1.389595295548842202e-01 5.412735413188316663e-02 2.267370717986576245e-01 2.519022601154448093e-01
2.522035066197658715e-01 1.067379112752578352e-01 1.796761115987096924e-01 2.635552240550484981e-01 1.788320217445499849e-01 1.899522470666881874e-02
5.591067471665206803e-03 2.743410926815552098e-01 3.087368124815556558e-01 2.373012909593859854e-01 1.302631232899481295e-01 4.376661311588968956e-02
nan nan nan nan nan nan
nan nan nan nan nan nan
nan nan nan nan nan nan
nan nan nan nan nan nan
1.924416822017763207e-01 8.491930815073898964e-02 1.965953473346906122e-01 2.542507246426640166e-01 8.853619806484205879e-03 2.629393178636461603e-01
2.697894761695265320e-01 6.856081420736404031e-02 2.111367607944842628e-01 2.874212340597800952e-01 1.551252239800566535e-01 7.966490788787930488e-03
9.375341861511794772e-03 6.000409244137204501e-02 2.914003326428302176e-01 1.963640509226745046e-01 2.684591724882482988e-01 1.743970096433646033e-01
2.524046028520469109e-01 9.515033136681569359e-02 1.736875919209080743e-01 2.963965201443190534e-01 1.653516148983460721e-01 1.700933881756457045e-02
1.724828120472212123e-01 3.099653365564256635e-01 2.554739124365315583e-01 8.750846047230738389e-02 1.573743274193570296e-01 1.719515106815800234e-02
2.601005152106201090e-01 8.510985145595700851e-02 1.821006991032438072e-01 2.793993726582084669e-01 1.759081400416004637e-01 1.738142153036985674e-02
3.010785404277824817e-01 9.005829288794701959e-02 1.415243676565485220e-01 2.590950360940886266e-01 1.934545796156810493e-01 1.478918331795152363e-02
1.686870699382005678e-01 2.555732993531187325e-01 2.618599137125448006e-01 9.293137148438671002e-02 2.027489347010356102e-01 1.819941081071262470e-02
1.944239831294954923e-01 2.842216557644485775e-01 2.237362993983654513e-01 7.883128471055056430e-02 2.067549469295968667e-01 1.203183006754325081e-02
1.733867188830063299e-01 2.830510719097674155e-01 2.580025041527305718e-01 6.685335424110480651e-02 2.077498042493173547e-01 1.095654656407405586e-02
1.815619713464834140e-01 3.042617162074662818e-01 2.616320358507333577e-01 5.469999575362178429e-02 1.886606934852539941e-01 9.183587356440280070e-03
2.597907728493398793e-01 5.549081762129079443e-02 1.700524824265642054e-01 3.378730220959989539e-01 1.671267520387341998e-01 9.666152968072168339e-03
6.771114633102948144e-02 1.385547104777783978e-01 2.901351099113967380e-01 2.857841494567288643e-01 2.052823501577064891e-01 1.253253366536126283e-02
1.567492751643284332e-01 7.198982693821190382e-02 1.975492327545650961e-01 2.655746984349856565e-01 1.425533471738663766e-02 2.938816319905227514e-01
2.110103069438709067e-01 5.773394425050359241e-02 2.630372801525107107e-01 1.663294891684718724e-01 1.063104479995211765e-02 2.912579346846899120e-01
2.751818963898210457e-01 9.227062178986995822e-02 1.676406381361924269e-01 2.408785279800484402e-01 2.058678759714316908e-01 1.816043973263533826e-02
2.608835662296981606e-01 8.800563499057433015e-02 2.081962592010717372e-01 2.203358349978308262e-01 2.025606870794285364e-01 2.001801750139575037e-02
2.172064297833906643e-01 7.673376402344488090e-02 2.373348098668340012e-01 2.739822846965893621e-01 1.771816190039110228e-01 1.756109262583022135e-02
2.159792479436052903e-01 2.951167577681343968e-01 2.396692843393746220e-01 6.487925694667361076e-02 1.694958429049622795e-01 1.485961009725095434e-02
2.374516540106579865e-01 7.478651426547157366e-02 2.171159268106983009e-01 2.865428818891916363e-01 1.663511443852795368e-01 1.775187863870104216e-02
1.591891351512985109e-01 1.154428236226845705e-01 2.142426674987590596e-01 2.377031004010229653e-01 2.142280463433516441e-02 2.519994686918991533e-01
1.177828062844084867e-01 1.454394190183524171e-01 2.732146069154819390e-01 2.402874944898367726e-01 2.035435241155402197e-01 1.973214917638138610e-02
2.828236073417134677e-01 7.117289462223008734e-02 1.903296102383150723e-01 2.836174513614057036e-01 1.615904507162007897e-01 1.046598572013383854e-02
1.483566825689577318e-01 2.338742750026209793e-01 2.900963378873860909e-01 9.737733607089976706e-02 2.126625962712818951e-01 1.763277219885433719e-02
1.582562507120618411e-01 2.506577427110839307e-01 2.836315096016384096e-01 8.910955209050677728e-02 2.009132721094648300e-01 1.743167277524311498e-02
2.982758203221475002e-01 7.397847326168943694e-02 1.660983596736611001e-01 2.659202609690134445e-01 1.801052752880307750e-01 1.562181048545752127e-02
1.766090648997234447e-01 2.738900495184374284e-01 2.567719590806968322e-01 8.358262366420958489e-02 1.930536951930948431e-01 1.609260764383766210e-02
1.827952902749361563e-01 9.219423309737605210e-02 2.076755612912346838e-01 2.478425649777470097e-01 1.950256678617547437e-02 2.499897835725294892e-01
2.604932207830829016e-01 7.405304456505583388e-02 1.921596833209268940e-01 2.725299110906099775e-01 1.855083254609941890e-01 1.525581477933073658e-02
1.050819226296564463e-01 1.183218530089104881e-01 2.776648849585650058e-01 2.404112507406674371e-01 2.590853979491597459e-02 2.326115488672839127e-01
2.654644461448084081e-01 7.526084515774349171e-02 1.658509977877756503e-01 2.917523078965947869e-01 1.850359786423402819e-01 1.663542437073726316e-02
1.862911183114694946e-01 3.031333822033440151e-01 2.708506637000614448e-01 6.800414437460942929e-02 1.597406041931888898e-01 1.198008721732680623e-02
2.895514575498331356e-01 7.190433509604521323e-02 1.819857687543869340e-01 2.781846763639235220e-01 1.668230918427341947e-01 1.155067039307605334e-02
2.816123149851875729e-01 9.839699896198174367e-02 1.418302477590294430e-01 2.849568582248119264e-01 1.793376403064829983e-01 1.386593976250744507e-02
3.050748766862305672e-01 9.353978437470439333e-02 1.387028390180483073e-01 2.773442017409106231e-01 1.716319071460830070e-01 1.370639103402405100e-02
3.022037937249843487e-01 2.880579852233952631e-01 6.771272862305251217e-02 1.587043518035939349e-01 9.642146536921995456e-03 1.736789940880519301e-01
1.932460319491613732e-01 2.892341793692275731e-01 2.631695715753749054e-01 8.200299786313969275e-02 1.612753154945181511e-01 1.107190374857927422e-02
1.191910798685971891e-02 8.035369212994010468e-02 2.937581565283753915e-01 1.850200580672788919e-01 2.622462182114094764e-01 1.667027670761360436e-01
1.834640220779175379e-01 1.107309888628216499e-01 1.874497184685104678e-01 2.605830202438031984e-01 1.901121519866827078e-02 2.387610351482790938e-01
1.850175369678537241e-01 2.858666997624989548e-01 2.678508587776408656e-01 8.500469231370230694e-02 1.611653296889983822e-01 1.509488248930650374e-02
1.776206639080978034e-01 2.610004141124535049e-01 2.763099425136809062e-01 8.344365131878177244e-02 1.860159380578352284e-01 1.560939008914954268e-02
2.534788462964098210e-01 7.984187787747409892e-02 2.054626811707039313e-01 2.657802807626662989e-01 1.823935393106962954e-01 1.304277458205040791e-02
2.321080371966604550e-01 6.761776381452135054e-02 2.607951710869832462e-01 1.505504402621785087e-01 9.260680367249182754e-03 2.796679072724069237e-01
nan nan nan nan nan nan
nan nan nan nan nan nan
